0.001953
0.000488
0.001953
0.000488
0.001953
0.001953
0.000977
0.001953
0.000977
0.001953
0.003906
0.000977
0.000000
0.000488
0.003906
0.003418
0.000977
0.000000
0.000488
0.003418
0.000488
0.000488
0.000488
0.002930
0.003906
0.002930
0.000000
0.000977
0.001953
0.000488
0.004395
0.004395
0.002930
0.002441
0.001465
0.000977
0.000977
0.000488
0.000000
0.000488
0.000000
0.001465
0.000000
0.002441
0.000977
0.003906
0.004395
0.000488
0.003418
0.000000
0.000000
0.000488
0.001465
0.000977
0.003418
0.000000
0.002441
0.000488
0.000000
0.003418
0.001953
