0000000000000000
0000110010010001
0001100100100010
0010010110110011
0011001001000100
0000000000000000
1111001101101111
1110011011011110
1101101001001101
1100110110111100
0101111011110111
0010000000110001
0001110001010010
1111000010101000
0001011101110101
0010101111010111
0011010000100101
0000100101100000
0000010100100101
0110001010111000
1101001101101101
0101001100110111
0101011101110100
0100010111001100
1101110010011111
1111010100111001
0000000001001110
0011010000111100
1110001001010100
0011101001111110
1101110111010101
0011000001010010
0001100001000001
0100001100110110
0011100110001111
0101011000000011
0101010000010101
0000000000100000
0011011100011010
1110101110010000
1101001001010111
0011110111110000
0001100100100011
0001011000011011
0101011000101010
0010100110110011
0010101011100000
0100111101010110
0100011100110011
0010010010110100
1110100101010010
1111000111101010
0101001101101011
1101001000001111
0001011110011100
1110011100001111
0110000101010001
0011100100110101
0001100100110100
0001010011000110
0110010010001000
