0000000000000000
0000100000000000
0000000000000000
1111100000000000
0000000000000000
0000000000000000
1111100000000000
0000000000000000
0000100000000000
0000000000000000
1111101011011111
1111100111010011
1111110011100101
1111100001111010
0000000110101001
1111101000111110
0000000111011101
0000011101011111
0000010011001100
1111111000110100
0000010100111001
1111100101011111
1111100000000100
0000010100101000
0000011110101011
1111100000110011
0000000001001110
0000000111110011
0000010001001101
0000011011011010
0000011100111100
1111111000010011
0000000011100000
0000011011010101
0000011001010011
1111100000111101
1111100011101100
0000000000100000
0000010010001100
1111101110010010
0000010001011011
0000011111110011
1111111111111111
0000001011110101
1111100000110100
1111100011111011
1111100110011110
1111110000111000
0000010000000010
1111100000010000
1111110110010110
1111100000100101
1111100101000010
0000010000011110
0000000110000011
1111111111001111
1111110011011111
0000011000011010
1111111111101110
0000010000100110
0000000000000000
