0000100000000000
0000000000000000
1111100000000000
0000000000000000
0000100000000000
0000100000000000
0000000000000000
1111100000000000
0000000000000000
0000100000000000
0000011000100100
1111101011101011
1111100010100000
1111110101001000
1111100000101101
0000010110001110
0000011111001000
0000001100011011
0000011001100111
0000011111001100
0000011000001111
1111101110000110
1111111101111110
1111100111100010
1111110110110111
0000000111000110
0000011111111111
0000011111000010
1111100101000001
0000010000100001
1111110010010101
0000011111000100
1111100000001100
1111101111010110
0000010011100110
1111111000010001
1111110001000101
0000100000000000
0000011010010101
1111100101010111
0000011010110110
0000000011100100
1111100000000000
1111100010010001
1111111000110111
0000001111010110
0000010011010011
1111100011110011
1111100100010100
1111111100000001
1111100001011111
1111111001111110
1111101110110010
0000011011011100
1111100000100101
1111100000000001
0000011101011101
0000010100101100
1111100000000000
1111100100101001
0000100000000000
